1024 1 1.45992e-09
1024 2 1.45734e-09
1024 4 1.4573e-09
1024 8 1.45891e-09
1024 16 1.45828e-09
1024 32 1.45806e-09
1024 64 1.45834e-09
1024 128 1.45923e-09
1024 256 1.45932e-09
1024 512 1.45662e-09


2048 1 1.46033e-09
2048 2 1.45473e-09
2048 4 1.4562e-09
2048 8 1.45683e-09
2048 16 1.45787e-09
2048 32 1.45815e-09
2048 64 1.45573e-09
2048 128 1.45717e-09
2048 256 1.45756e-09
2048 512 1.45799e-09
2048 1024 1.45671e-09


4096 1 1.45616e-09
4096 2 1.45668e-09
4096 4 1.45696e-09
4096 8 1.45784e-09
4096 16 1.45585e-09
4096 32 1.45617e-09
4096 64 1.45817e-09
4096 128 1.4587e-09
4096 256 1.45665e-09
4096 512 1.45663e-09
4096 1024 1.45508e-09
4096 2048 1.45767e-09


8192 1 1.46444e-09
8192 2 1.46663e-09
8192 4 1.47344e-09
8192 8 1.4591e-09
8192 16 1.45481e-09
8192 32 1.4568e-09
8192 64 1.4601e-09
8192 128 1.46096e-09
8192 256 1.45696e-09
8192 512 1.45526e-09
8192 1024 1.45682e-09
8192 2048 1.45765e-09
8192 4096 1.45658e-09


16384 1 1.4636e-09
16384 2 1.47045e-09
16384 4 1.71512e-09
16384 8 1.95438e-09
16384 16 2.48514e-09
16384 32 2.75982e-09
16384 64 3.64195e-09
16384 128 5.50193e-09
16384 256 5.50283e-09
16384 512 5.49635e-09
16384 1024 5.50663e-09
16384 2048 1.45796e-09
16384 4096 1.45509e-09
16384 8192 1.45654e-09


32768 1 1.46357e-09
32768 2 1.47244e-09
32768 4 1.71299e-09
32768 8 1.96023e-09
32768 16 2.50483e-09
32768 32 2.78763e-09
32768 64 3.67464e-09
32768 128 5.59878e-09
32768 256 5.70144e-09
32768 512 5.87042e-09
32768 1024 6.19993e-09
32768 2048 6.20824e-09
32768 4096 2.12862e-09
32768 8192 1.45666e-09
32768 16384 1.45616e-09


65536 1 1.46487e-09
65536 2 1.47171e-09
65536 4 1.71588e-09
65536 8 1.95611e-09
65536 16 2.49141e-09
65536 32 2.78991e-09
65536 64 3.67817e-09
65536 128 5.59776e-09
65536 256 5.70622e-09
65536 512 5.87265e-09
65536 1024 6.2004e-09
65536 2048 6.20124e-09
65536 4096 6.1982e-09
65536 8192 2.12891e-09
65536 16384 1.45663e-09
65536 32768 1.45777e-09


131072 1 1.46463e-09
131072 2 1.47114e-09
131072 4 1.71566e-09
131072 8 1.95886e-09
131072 16 2.51174e-09
131072 32 2.78684e-09
131072 64 3.68795e-09
131072 128 5.59984e-09
131072 256 5.70579e-09
131072 512 5.87635e-09
131072 1024 6.18669e-09
131072 2048 6.18777e-09
131072 4096 6.18693e-09
131072 8192 6.18804e-09
131072 16384 2.13085e-09
131072 32768 1.45643e-09
131072 65536 1.45653e-09


262144 1 1.46386e-09
262144 2 1.47222e-09
262144 4 1.71439e-09
262144 8 1.97796e-09
262144 16 2.49503e-09
262144 32 2.79189e-09
262144 64 3.67723e-09
262144 128 5.60494e-09
262144 256 5.70413e-09
262144 512 5.87356e-09
262144 1024 6.2013e-09
262144 2048 6.20082e-09
262144 4096 6.20139e-09
262144 8192 6.20714e-09
262144 16384 6.19838e-09
262144 32768 2.13097e-09
262144 65536 1.45677e-09
262144 131072 1.45655e-09


524288 1 1.46505e-09
524288 2 1.487e-09
524288 4 1.72696e-09
524288 8 1.97858e-09
524288 16 2.56024e-09
524288 32 2.94283e-09
524288 64 4.12549e-09
524288 128 5.88343e-09
524288 256 6.20794e-09
524288 512 6.8948e-09
524288 1024 7.67288e-09
524288 2048 7.67922e-09
524288 4096 7.69094e-09
524288 8192 7.71716e-09
524288 16384 7.7219e-09
524288 32768 7.80296e-09
524288 65536 3.72308e-09
524288 131072 1.45769e-09
524288 262144 1.45767e-09


1048576 1 1.46282e-09
1048576 2 1.47395e-09
1048576 4 1.7218e-09
1048576 8 1.96882e-09
1048576 16 2.52414e-09
1048576 32 2.84962e-09
1048576 64 3.87798e-09
1048576 128 5.69706e-09
1048576 256 5.85707e-09
1048576 512 6.21101e-09
1048576 1024 6.5814e-09
1048576 2048 6.58417e-09
1048576 4096 6.60169e-09
1048576 8192 6.62357e-09
1048576 16384 6.59975e-09
1048576 32768 6.67363e-09
1048576 65536 6.66103e-09
1048576 131072 1.46604e-09
1048576 262144 1.45765e-09
1048576 524288 1.45654e-09


2097152 1 1.70185e-09
2097152 2 2.57742e-09
2097152 4 4.98188e-09
2097152 8 9.60392e-09
2097152 16 1.93299e-08
2097152 32 4.46144e-08
2097152 64 6.25088e-08
2097152 128 9.92298e-08
2097152 256 9.95994e-08
2097152 512 9.96561e-08
2097152 1024 1.00038e-07
2097152 2048 8.17904e-08
2097152 4096 6.85661e-08
2097152 8192 6.04312e-08
2097152 16384 5.60675e-08
2097152 32768 5.32694e-08
2097152 65536 2.26884e-08
2097152 131072 5.50151e-09
2097152 262144 1.45677e-09
2097152 524288 1.45689e-09
2097152 1048576 1.45785e-09


4194304 1 1.73154e-09
4194304 2 2.7141e-09
4194304 4 5.15085e-09
4194304 8 1.00717e-08
4194304 16 2.07086e-08
4194304 32 4.89969e-08
4194304 64 6.90181e-08
4194304 128 1.10472e-07
4194304 256 1.10635e-07
4194304 512 1.11692e-07
4194304 1024 1.11993e-07
4194304 2048 1.05898e-07
4194304 4096 1.03082e-07
4194304 8192 1.01989e-07
4194304 16384 1.01194e-07
4194304 32768 1.00677e-07
4194304 65536 1.00573e-07
4194304 131072 5.90382e-08
4194304 262144 5.50847e-09
4194304 524288 1.4566e-09
4194304 1048576 1.45658e-09
4194304 2097152 1.45661e-09


8388608 1 1.73211e-09
8388608 2 2.70833e-09
8388608 4 5.14263e-09
8388608 8 1.00752e-08
8388608 16 2.06904e-08
8388608 32 4.90391e-08
8388608 64 6.86893e-08
8388608 128 1.1051e-07
8388608 256 1.10525e-07
8388608 512 1.10619e-07
8388608 1024 1.11148e-07
8388608 2048 1.08007e-07
8388608 4096 1.06761e-07
8388608 8192 1.06067e-07
8388608 16384 1.05607e-07
8388608 32768 1.05252e-07
8388608 65536 1.05503e-07
8388608 131072 1.05423e-07
8388608 262144 6.96807e-08
8388608 524288 5.50278e-09
8388608 1048576 1.45665e-09
8388608 2097152 1.45661e-09
8388608 4194304 1.45758e-09


16777216 1 1.74785e-09
16777216 2 2.71274e-09
16777216 4 5.13741e-09
16777216 8 1.00428e-08
16777216 16 2.06521e-08
16777216 32 4.88501e-08
16777216 64 6.865e-08
16777216 128 1.10376e-07
16777216 256 1.10495e-07
16777216 512 1.10571e-07
16777216 1024 1.1072e-07
16777216 2048 1.09319e-07
16777216 4096 1.08306e-07
16777216 8192 1.07613e-07
16777216 16384 1.07276e-07
16777216 32768 1.06986e-07
16777216 65536 1.07494e-07
16777216 131072 1.0735e-07
16777216 262144 1.07652e-07
16777216 524288 8.0394e-08
16777216 1048576 5.50641e-09
16777216 2097152 1.45775e-09
16777216 4194304 1.45665e-09
16777216 8388608 1.45637e-09


